//KolobokGame Level. Created Automatically. Time: [12.09.2015 21:50:24]
3000 563
12 1491 377
12 1521 373
12 1538 377
0 0 450 275 75
1 300 225 25 175 300 0
1 325 225 50 50 325 0
1 250 225 50 50 250 0
1 291 399 43 35 290 174
0 1 372 284 77
1 588 314 132 34 388 313
1 569 302 21 59 370 302
1 674 295 45 66 474 294
0 786 373 286 29
0 1024 337 46 37
0 1022 89 46 247
3 980 345 34 23
6 484 133
6 508 195
6 575 179
6 624 131
6 692 187
6 754 219
6 802 220
6 854 223
6 912 284
6 935 289
6 919 187
6 851 127
6 786 129
6 800 259
6 768 287
6 654 272
6 564 241
6 511 267
6 482 271
6 428 159
4 992 301
4 991 255
4 1000 195
4 999 157
4 988 115
4 994 79
4 992 33
4 899 341
4 864 316
4 791 268
4 672 221
4 630 244
4 568 272
4 520 272
4 492 232
4 483 177
4 515 77
4 568 71
4 620 72
0 1141 235 31 239
0 1080 443 170 69
2 1118 181 79 55
0 905 9 295 17
0 1357 219 66 138
0 1391 394 1 122
0 1352 399 93 67
0 1052 135 191 25
0 1246 498 216 30
0 1225 160 14 191
0 1183 19 204 53
0 1341 59 48 77
0 1239 198 156 30
0 1428 399 285 51
0 1610 89 99 327
5 1418 344 46 54
5 1560 336 51 75
3 1178 407 32 27
0 350 372 106 375
0 642 428 8 1
10 30 30
